  0.000000E+00  0.000000E+00  0.000000E+00  0.000000E+00  0.000000E+00  0.000000E+00  0.000000E+00  0.000000E+00
  2.496256E-05  2.098731E-03  5.000000E-02  4.999875E-02  3.671600E-12  1.244641E-07 -3.797211E-04  3.671508E-12
  5.085408E-05  4.275509E-03  1.018607E-01  1.018568E-01  1.538295E-10  1.256510E-06 -9.236620E-04  1.538216E-10
  7.770915E-05  6.533235E-03  1.556514E-01  1.556434E-01  1.445111E-09  5.055298E-06 -1.591480E-03  1.444999E-09
  1.055636E-04  8.874914E-03  2.114439E-01  2.114300E-01  7.311501E-09  1.386054E-05 -2.364559E-03  7.310729E-09
  1.344547E-04  1.130367E-02  2.693127E-01  2.692909E-01  2.633067E-08  3.076980E-05 -3.235725E-03  2.632713E-08
  1.644209E-04  1.382273E-02  3.293350E-01  3.293034E-01  7.646641E-08  5.975639E-05 -4.202126E-03  7.645384E-08
  1.955023E-04  1.643546E-02  3.915910E-01  3.915473E-01  1.914315E-07  1.058159E-04 -5.263152E-03  1.913940E-07
  2.277403E-04  1.914533E-02  4.561639E-01  4.561054E-01  4.299434E-07  1.751405E-04 -6.419560E-03  4.298453E-07
  2.611781E-04  2.195595E-02  5.231398E-01  5.230638E-01  8.888867E-07  2.753231E-04 -7.673044E-03  8.886537E-07
  2.958603E-04  2.487107E-02  5.926082E-01  5.925115E-01  1.718576E-06  4.155944E-04 -9.042404E-03  1.718065E-06
  3.318331E-04  2.789456E-02  6.646618E-01  6.645410E-01  3.154516E-06  6.071804E-04 -1.051477E-02  3.153460E-06
  3.691447E-04  3.103044E-02  7.393968E-01  7.392481E-01  5.547154E-06  8.635533E-04 -1.209450E-02  5.545076E-06
  4.078448E-04  3.428288E-02  8.169131E-01  8.167322E-01  9.409477E-06  1.200803E-03 -1.378603E-02  9.405551E-06
  4.479851E-04  3.765622E-02  8.973141E-01  8.970962E-01  1.547895E-05  1.638060E-03 -1.559407E-02  1.547177E-05
  4.896191E-04  4.115491E-02  9.807072E-01  9.804468E-01  2.479945E-05  2.197982E-03 -1.752368E-02  2.478669E-05
  5.328026E-04  4.478361E-02  1.067204E+00  1.066894E+00  3.882892E-05  2.907307E-03 -1.958036E-02  3.880672E-05
  5.775932E-04  4.854712E-02  1.156919E+00  1.156554E+00  5.957965E-05  3.797482E-03 -2.177004E-02  5.954169E-05
  6.240505E-04  5.245040E-02  1.249973E+00  1.249543E+00  8.980000E-05  4.905383E-03 -2.409916E-02  8.973590E-05
  6.722368E-04  5.649859E-02  1.346490E+00  1.345984E+00  1.332080E-04  6.274122E-03 -2.657469E-02  1.331007E-04
  7.222163E-04  6.069701E-02  1.446599E+00  1.446004E+00  1.947898E-04  7.953966E-03 -2.920421E-02  1.946111E-04
  7.740558E-04  6.505112E-02  1.550434E+00  1.549734E+00  2.811777E-04  1.000336E-02 -3.199595E-02  2.808810E-04
  8.278244E-04  6.956655E-02  1.658132E+00  1.657306E+00  4.011268E-04  1.249008E-02 -3.495887E-02  4.006339E-04
  8.835940E-04  7.424910E-02  1.769839E+00  1.768860E+00  5.661079E-04  1.549249E-02 -3.810272E-02  5.652872E-04
  9.414391E-04  7.910467E-02  1.885702E+00  1.884536E+00  7.910414E-04  1.910095E-02 -4.143813E-02  7.896709E-04
  1.001437E-03  8.413931E-02  2.005878E+00  2.004478E+00  1.095194E-03  2.341929E-02 -4.497669E-02  1.092897E-03
  1.063667E-03  8.935912E-02  2.130526E+00  2.128831E+00  1.503258E-03  2.856644E-02 -4.873097E-02  1.499399E-03
  1.128214E-03  9.477025E-02  2.259812E+00  2.257742E+00  2.046638E-03  3.467811E-02 -5.271464E-02  2.040140E-03
  1.195162E-03  1.003788E-01  2.393910E+00  2.391357E+00  2.764938E-03  4.190837E-02 -5.694235E-02  2.753988E-03
  1.264602E-03  1.061909E-01  2.532998E+00  2.529819E+00  3.707675E-03  5.043152E-02 -6.142995E-02  3.689240E-03
  1.336626E-03  1.122122E-01  2.677262E+00  2.673267E+00  4.936107E-03  6.044299E-02 -6.619375E-02  4.905144E-03
  1.411330E-03  1.184483E-01  2.826895E+00  2.821831E+00  6.525269E-03  7.216135E-02 -7.125130E-02  6.473481E-03
  1.488815E-03  1.249041E-01  2.982096E+00  2.975630E+00  8.565808E-03  8.582764E-02 -7.661958E-02  8.479682E-03
  1.569183E-03  1.315839E-01  3.143073E+00  3.134767E+00  1.116580E-02  1.017063E-01 -8.231569E-02  1.102360E-02
  1.652542E-03  1.384912E-01  3.310041E+00  3.299320E+00  1.445188E-02  1.200831E-01 -8.835497E-02  1.421914E-02
  1.739003E-03  1.456279E-01  3.483223E+00  3.469340E+00  1.856964E-02  1.412622E-01 -9.475023E-02  1.819252E-02
  1.828682E-03  1.529947E-01  3.662849E+00  3.644843E+00  2.368267E-02  1.655617E-01 -1.015100E-01  2.307849E-02
  1.921698E-03  1.605904E-01  3.849160E+00  3.825797E+00  2.996977E-02  1.933063E-01 -1.086364E-01  2.901399E-02
  2.018175E-03  1.684114E-01  4.042405E+00  4.012119E+00  3.762000E-02  2.248176E-01 -1.161232E-01  3.612881E-02
  2.118243E-03  1.764516E-01  4.242841E+00  4.203665E+00  4.682510E-02  2.604015E-01 -1.239530E-01  4.453332E-02
  2.222035E-03  1.847023E-01  4.450736E+00  4.400221E+00  5.776928E-02  3.003334E-01 -1.320945E-01  5.430363E-02
  2.329689E-03  1.931512E-01  4.666367E+00  4.601503E+00  7.061680E-02  3.448412E-01 -1.405004E-01  6.546555E-02
  2.441350E-03  2.017832E-01  4.890024E+00  4.807147E+00  8.549812E-02  3.940873E-01 -1.491058E-01  7.797946E-02
  2.557166E-03  2.105801E-01  5.122004E+00  5.016717E+00  1.024961E-01  4.481507E-01 -1.578268E-01  9.172852E-02
  2.677292E-03  2.195204E-01  5.362616E+00  5.229706E+00  1.216338E-01  5.070126E-01 -1.665619E-01  1.065134E-01
  2.801889E-03  2.285806E-01  5.612183E+00  5.445549E+00  1.428665E-01  5.705450E-01 -1.751936E-01  1.220554E-01
  2.931122E-03  2.377348E-01  5.871038E+00  5.663634E+00  1.660783E-01  6.385061E-01 -1.835929E-01  1.380095E-01
  3.065165E-03  2.469563E-01  6.139525E+00  5.883320E+00  1.910850E-01  7.105425E-01 -1.916241E-01  1.539858E-01
  3.204196E-03  2.562178E-01  6.418005E+00  6.103958E+00  2.176433E-01  7.861991E-01 -1.991521E-01  1.695773E-01
  3.348401E-03  2.654922E-01  6.706847E+00  6.324907E+00  2.454646E-01  8.649358E-01 -2.060485E-01  1.843898E-01
  3.497973E-03  2.747539E-01  7.006439E+00  6.545552E+00  2.742321E-01  9.461495E-01 -2.121990E-01  1.980696E-01
  3.653110E-03  2.839788E-01  7.317180E+00  6.765320E+00  3.036183E-01  1.029198E+00 -2.175083E-01  2.103251E-01
  3.814022E-03  2.931452E-01  7.639485E+00  6.983692E+00  3.333013E-01  1.113427E+00 -2.219047E-01  2.209401E-01
  3.980921E-03  3.022337E-01  7.973785E+00  7.200210E+00  3.629823E-01  1.198197E+00 -2.253425E-01  2.297815E-01
  4.154031E-03  3.112279E-01  8.320525E+00  7.414482E+00  3.923862E-01  1.282888E+00 -2.278000E-01  2.367889E-01
  4.333584E-03  3.201140E-01  8.680169E+00  7.626179E+00  4.212841E-01  1.366949E+00 -2.292836E-01  2.419781E-01
  4.519819E-03  3.288809E-01  9.053197E+00  7.835037E+00  4.494799E-01  1.449868E+00 -2.298173E-01  2.454166E-01
  4.712984E-03  3.375202E-01  9.440107E+00  8.040852E+00  4.768169E-01  1.531211E+00 -2.294476E-01  2.472146E-01
  4.913338E-03  3.460254E-01  9.841415E+00  8.243474E+00  5.031846E-01  1.610616E+00 -2.282331E-01  2.475181E-01
  5.121148E-03  3.543922E-01  1.025766E+01  8.442800E+00  5.284939E-01  1.687777E+00 -2.262438E-01  2.464814E-01
  5.336691E-03  3.626181E-01  1.068939E+01  8.638767E+00  5.526955E-01  1.762464E+00 -2.235566E-01  2.442735E-01
  5.560256E-03  3.707019E-01  1.113719E+01  8.831351E+00  5.757603E-01  1.834503E+00 -2.202518E-01  2.410591E-01
  5.792140E-03  3.786438E-01  1.160166E+01  9.020553E+00  5.976797E-01  1.903772E+00 -2.164102E-01  2.369967E-01
  6.032654E-03  3.864449E-01  1.208341E+01  9.206402E+00  6.184630E-01  1.970198E+00 -2.121111E-01  2.322356E-01
  6.282119E-03  3.941072E-01  1.258308E+01  9.388944E+00  6.381309E-01  2.033746E+00 -2.074303E-01  2.269110E-01
  6.540867E-03  4.016333E-01  1.310136E+01  9.568241E+00  6.567138E-01  2.094416E+00 -2.024388E-01  2.211453E-01
  6.809245E-03  4.090263E-01  1.363892E+01  9.744366E+00  6.742490E-01  2.152234E+00 -1.972026E-01  2.150461E-01
  7.087610E-03  4.162897E-01  1.419648E+01  9.917403E+00  6.907784E-01  2.207250E+00 -1.917813E-01  2.087076E-01
  7.376334E-03  4.234270E-01  1.477480E+01  1.008744E+01  7.063467E-01  2.259528E+00 -1.862286E-01  2.022108E-01
  7.675803E-03  4.304424E-01  1.537463E+01  1.025457E+01  7.210000E-01  2.309148E+00 -1.805922E-01  1.956247E-01
  7.986417E-03  4.373398E-01  1.599679E+01  1.041889E+01  7.347851E-01  2.356197E+00 -1.749139E-01  1.890077E-01
  8.308590E-03  4.441233E-01  1.664210E+01  1.058049E+01  7.477481E-01  2.400770E+00 -1.692299E-01  1.824081E-01
  8.642752E-03  4.507969E-01  1.731143E+01  1.073948E+01  7.599343E-01  2.442966E+00 -1.635715E-01  1.758662E-01
  8.989350E-03  4.573647E-01  1.800567E+01  1.089595E+01  7.713876E-01  2.482886E+00 -1.579651E-01  1.694145E-01
  9.348847E-03  4.638308E-01  1.872574E+01  1.104999E+01  7.821502E-01  2.520630E+00 -1.524329E-01  1.630790E-01
  9.721722E-03  4.701990E-01  1.947261E+01  1.120170E+01  7.922624E-01  2.556300E+00 -1.469932E-01  1.568805E-01
  1.010847E-02  4.764731E-01  2.024727E+01  1.135117E+01  8.017624E-01  2.589994E+00 -1.416610E-01  1.508349E-01
  1.050962E-02  4.826570E-01  2.105076E+01  1.149849E+01  8.106863E-01  2.621808E+00 -1.364484E-01  1.449540E-01
  1.092569E-02  4.887542E-01  2.188416E+01  1.164375E+01  8.190684E-01  2.651834E+00 -1.313648E-01  1.392464E-01
  1.135725E-02  4.947683E-01  2.274856E+01  1.178702E+01  8.269408E-01  2.680163E+00 -1.264171E-01  1.337179E-01
  1.180486E-02  5.007025E-01  2.364514E+01  1.192840E+01  8.343334E-01  2.706880E+00 -1.216106E-01  1.283720E-01
  1.226914E-02  5.065602E-01  2.457508E+01  1.206795E+01  8.412745E-01  2.732066E+00 -1.169487E-01  1.232100E-01
  1.275069E-02  5.123445E-01  2.553963E+01  1.220575E+01  8.477905E-01  2.755800E+00 -1.124334E-01  1.182319E-01
  1.325016E-02  5.180584E-01  2.654007E+01  1.234187E+01  8.539058E-01  2.778156E+00 -1.080656E-01  1.134362E-01
  1.376822E-02  5.237048E-01  2.757775E+01  1.247639E+01  8.596435E-01  2.799202E+00 -1.038451E-01  1.088207E-01
  1.430556E-02  5.292865E-01  2.865404E+01  1.260936E+01  8.650249E-01  2.819006E+00 -9.977078E-02  1.043821E-01
  1.486290E-02  5.348061E-01  2.977039E+01  1.274086E+01  8.700699E-01  2.837629E+00 -9.584096E-02  1.001165E-01
  1.544098E-02  5.402662E-01  3.092827E+01  1.287094E+01  8.747969E-01  2.855130E+00 -9.205332E-02  9.601953E-02
  1.604057E-02  5.456692E-01  3.212925E+01  1.299965E+01  8.792232E-01  2.871564E+00 -8.840509E-02  9.208651E-02
  1.666247E-02  5.510175E-01  3.337493E+01  1.312707E+01  8.833646E-01  2.886982E+00 -8.489314E-02  8.831246E-02
  1.730752E-02  5.563133E-01  3.466696E+01  1.325323E+01  8.872362E-01  2.901433E+00 -8.151408E-02  8.469225E-02
  1.797657E-02  5.615588E-01  3.600707E+01  1.337820E+01  8.908515E-01  2.914961E+00 -7.826429E-02  8.122061E-02
  1.867052E-02  5.667561E-01  3.739706E+01  1.350201E+01  8.942234E-01  2.927610E+00 -7.514001E-02  7.789227E-02
  1.939030E-02  5.719070E-01  3.883877E+01  1.362473E+01  8.973636E-01  2.939419E+00 -7.213736E-02  7.470193E-02
  2.013686E-02  5.770136E-01  4.033413E+01  1.374638E+01  9.002833E-01  2.950424E+00 -6.925244E-02  7.164437E-02
  2.091121E-02  5.820775E-01  4.188515E+01  1.386702E+01  9.029924E-01  2.960660E+00 -6.648128E-02  6.871441E-02
  2.171437E-02  5.871006E-01  4.349388E+01  1.398669E+01  9.055004E-01  2.970160E+00 -6.381996E-02  6.590699E-02
  2.254742E-02  5.920845E-01  4.516248E+01  1.410542E+01  9.078160E-01  2.978953E+00 -6.126455E-02  6.321716E-02
  2.341147E-02  5.970309E-01  4.689318E+01  1.422326E+01  9.099471E-01  2.987067E+00 -5.881120E-02  6.064009E-02
  2.430768E-02  6.019412E-01  4.868829E+01  1.434024E+01  9.119012E-01  2.994528E+00 -5.645610E-02  5.817111E-02
  2.523724E-02  6.068169E-01  5.055019E+01  1.445639E+01  9.136851E-01  3.001359E+00 -5.419555E-02  5.580568E-02
  2.620139E-02  6.116594E-01  5.248139E+01  1.457176E+01  9.153050E-01  3.007582E+00 -5.202590E-02  5.353943E-02
  2.720143E-02  6.164701E-01  5.448446E+01  1.468637E+01  9.167666E-01  3.013219E+00 -4.994362E-02  5.136813E-02
  2.823868E-02  6.212503E-01  5.656207E+01  1.480025E+01  9.180753E-01  3.018288E+00 -4.794527E-02  4.928771E-02
  2.931453E-02  6.260013E-01  5.871700E+01  1.491343E+01  9.192358E-01  3.022805E+00 -4.602752E-02  4.729428E-02
  3.043042E-02  6.307242E-01  6.095212E+01  1.502595E+01  9.202525E-01  3.026788E+00 -4.418714E-02  4.538406E-02
  3.158783E-02  6.354201E-01  6.327042E+01  1.513782E+01  9.211294E-01  3.030251E+00 -4.242102E-02  4.355347E-02
  3.278832E-02  6.400904E-01  6.567500E+01  1.524908E+01  9.218700E-01  3.033206E+00 -4.072615E-02  4.179904E-02
  3.403348E-02  6.447359E-01  6.816906E+01  1.535975E+01  9.224776E-01  3.035667E+00 -3.909962E-02  4.011746E-02
  3.532498E-02  6.493577E-01  7.075594E+01  1.546986E+01  9.229550E-01  3.037643E+00 -3.753864E-02  3.850557E-02
  3.666454E-02  6.539568E-01  7.343908E+01  1.557943E+01  9.233048E-01  3.039145E+00 -3.604053E-02  3.696034E-02
  3.805396E-02  6.585343E-01  7.622208E+01  1.568848E+01  9.235293E-01  3.040181E+00 -3.460270E-02  3.547887E-02
  3.949508E-02  6.630910E-01  7.910864E+01  1.579703E+01  9.236303E-01  3.040760E+00 -3.322266E-02  3.405839E-02
  4.098983E-02  6.676278E-01  8.210263E+01  1.590511E+01  9.236095E-01  3.040887E+00 -3.189805E-02  3.269625E-02
  4.254021E-02  6.721456E-01  8.520804E+01  1.601274E+01  9.234683E-01  3.040568E+00 -3.062655E-02  3.138991E-02
  4.414828E-02  6.766452E-01  8.842901E+01  1.611994E+01  9.232079E-01  3.039809E+00 -2.940594E-02  3.013692E-02
  4.581620E-02  6.811274E-01  9.176985E+01  1.622672E+01  9.228290E-01  3.038614E+00 -2.823408E-02  2.893494E-02
  4.754619E-02  6.855931E-01  9.523502E+01  1.633311E+01  9.223325E-01  3.036985E+00 -2.710891E-02  2.778174E-02
  4.934056E-02  6.900430E-01  9.882914E+01  1.643912E+01  9.217186E-01  3.034925E+00 -2.602849E-02  2.667517E-02
  5.120170E-02  6.944777E-01  1.025570E+02  1.654477E+01  9.209875E-01  3.032436E+00 -2.499094E-02  2.561323E-02
  5.313211E-02  6.988980E-01  1.064236E+02  1.665007E+01  9.201392E-01  3.029518E+00 -2.399446E-02  2.459395E-02
  5.513436E-02  7.033046E-01  1.104341E+02  1.675505E+01  9.191733E-01  3.026172E+00 -2.303733E-02  2.361551E-02
  5.721112E-02  7.076980E-01  1.145939E+02  1.685972E+01  9.180894E-01  3.022397E+00 -2.211793E-02  2.267613E-02
  5.936516E-02  7.120789E-01  1.189084E+02  1.696409E+01  9.168867E-01  3.018192E+00 -2.123468E-02  2.177413E-02
  6.159937E-02  7.164480E-01  1.233835E+02  1.706817E+01  9.155643E-01  3.013555E+00 -2.038608E-02  2.090791E-02
  6.391672E-02  7.208056E-01  1.280252E+02  1.717199E+01  9.141210E-01  3.008482E+00 -1.957069E-02  2.007594E-02
  6.632031E-02  7.251526E-01  1.328396E+02  1.727554E+01  9.125555E-01  3.002972E+00 -1.878714E-02  1.927676E-02
  6.881335E-02  7.294892E-01  1.378331E+02  1.737886E+01  9.108662E-01  2.997019E+00 -1.803411E-02  1.850897E-02
  7.139916E-02  7.338161E-01  1.430125E+02  1.748194E+01  9.090514E-01  2.990620E+00 -1.731036E-02  1.777124E-02
  7.408121E-02  7.381338E-01  1.483847E+02  1.758480E+01  9.071090E-01  2.983769E+00 -1.661467E-02  1.706231E-02
  7.686306E-02  7.424426E-01  1.539567E+02  1.768745E+01  9.050369E-01  2.976459E+00 -1.594589E-02  1.638095E-02
  7.974844E-02  7.467432E-01  1.597361E+02  1.778990E+01  9.028328E-01  2.968686E+00 -1.530294E-02  1.572601E-02
  8.274120E-02  7.510358E-01  1.657306E+02  1.789217E+01  9.004939E-01  2.960441E+00 -1.468474E-02  1.509638E-02
  8.584534E-02  7.553209E-01  1.719482E+02  1.799425E+01  8.980177E-01  2.951716E+00 -1.409030E-02  1.449100E-02
  8.906499E-02  7.595989E-01  1.783972E+02  1.809617E+01  8.954010E-01  2.942504E+00 -1.351865E-02  1.390887E-02
  9.240446E-02  7.638702E-01  1.850861E+02  1.819793E+01  8.926407E-01  2.932796E+00 -1.296887E-02  1.334902E-02
  9.586820E-02  7.681352E-01  1.920240E+02  1.829953E+01  8.897333E-01  2.922581E+00 -1.244007E-02  1.281052E-02
  9.946085E-02  7.723941E-01  1.992201E+02  1.840099E+01  8.866752E-01  2.911850E+00 -1.193140E-02  1.229250E-02
  1.031872E-01  7.766473E-01  2.066840E+02  1.850232E+01  8.834626E-01  2.900591E+00 -1.144207E-02  1.179411E-02
  1.070522E-01  7.808951E-01  2.144256E+02  1.860352E+01  8.800913E-01  2.888794E+00 -1.097128E-02  1.131454E-02
  1.110611E-01  7.851378E-01  2.224553E+02  1.870459E+01  8.765571E-01  2.876446E+00 -1.051829E-02  1.085302E-02
  1.152191E-01  7.893757E-01  2.307839E+02  1.880555E+01  8.728555E-01  2.863535E+00 -1.008241E-02  1.040882E-02
  1.195319E-01  7.936089E-01  2.394224E+02  1.890640E+01  8.689816E-01  2.850046E+00 -9.662932E-03  9.981222E-03
  1.240052E-01  7.978378E-01  2.483824E+02  1.900715E+01  8.649304E-01  2.835967E+00 -9.259219E-03  9.569556E-03
  1.286449E-01  8.020624E-01  2.576758E+02  1.910779E+01  8.606968E-01  2.821283E+00 -8.870641E-03  9.173174E-03
  1.334573E-01  8.062831E-01  2.673151E+02  1.920834E+01  8.562751E-01  2.805977E+00 -8.496598E-03  8.791458E-03
  1.384489E-01  8.104999E-01  2.773131E+02  1.930880E+01  8.516596E-01  2.790035E+00 -8.136516E-03  8.423813E-03
  1.436261E-01  8.147130E-01  2.876831E+02  1.940917E+01  8.468443E-01  2.773440E+00 -7.789845E-03  8.069673E-03
  1.489961E-01  8.189224E-01  2.984391E+02  1.950945E+01  8.418228E-01  2.756174E+00 -7.456057E-03  7.728493E-03
  1.545658E-01  8.231284E-01  3.095953E+02  1.960965E+01  8.365885E-01  2.738220E+00 -7.134647E-03  7.399753E-03
  1.603429E-01  8.273308E-01  3.211668E+02  1.970977E+01  8.311346E-01  2.719558E+00 -6.825131E-03  7.082954E-03
  1.663349E-01  8.315298E-01  3.331688E+02  1.980980E+01  8.254538E-01  2.700171E+00 -6.527044E-03  6.777617E-03
  1.725499E-01  8.357254E-01  3.456175E+02  1.990976E+01  8.195386E-01  2.680038E+00 -6.239941E-03  6.483284E-03
  1.789963E-01  8.399174E-01  3.585295E+02  2.000962E+01  8.133813E-01  2.659138E+00 -5.963397E-03  6.199516E-03
  1.856825E-01  8.441058E-01  3.719220E+02  2.010940E+01  8.069736E-01  2.637450E+00 -5.697001E-03  5.925893E-03
  1.926175E-01  8.482904E-01  3.858129E+02  2.020910E+01  8.003071E-01  2.614954E+00 -5.440364E-03  5.662011E-03
  1.998106E-01  8.524712E-01  4.002207E+02  2.030870E+01  7.933729E-01  2.591625E+00 -5.193110E-03  5.407484E-03
  2.072714E-01  8.566478E-01  4.151647E+02  2.040820E+01  7.861619E-01  2.567442E+00 -4.954879E-03  5.161941E-03
  2.150099E-01  8.608200E-01  4.306649E+02  2.050759E+01  7.786644E-01  2.542382E+00 -4.725328E-03  4.925027E-03
  2.230364E-01  8.649876E-01  4.467418E+02  2.060688E+01  7.708706E-01  2.516419E+00 -4.504127E-03  4.696402E-03
  2.313615E-01  8.691500E-01  4.634171E+02  2.070604E+01  7.627700E-01  2.489530E+00 -4.290961E-03  4.475739E-03
  2.399965E-01  8.733068E-01  4.807129E+02  2.080507E+01  7.543520E-01  2.461689E+00 -4.085530E-03  4.262726E-03
  2.489528E-01  8.774576E-01  4.986524E+02  2.090396E+01  7.456052E-01  2.432873E+00 -3.887545E-03  4.057063E-03
  2.582424E-01  8.816017E-01  5.172595E+02  2.100268E+01  7.365181E-01  2.403056E+00 -3.696730E-03  3.858463E-03
  2.678777E-01  8.857384E-01  5.365590E+02  2.110123E+01  7.270785E-01  2.372212E+00 -3.512823E-03  3.666651E-03
  2.778716E-01  8.898669E-01  5.565768E+02  2.119959E+01  7.172740E-01  2.340315E+00 -3.335575E-03  3.481365E-03
  2.882374E-01  8.939864E-01  5.773395E+02  2.129773E+01  7.070914E-01  2.307342E+00 -3.164747E-03  3.302353E-03
  2.989890E-01  8.980957E-01  5.988749E+02  2.139562E+01  6.965173E-01  2.273268E+00 -3.000112E-03  3.129375E-03
  3.101406E-01  9.021938E-01  6.212117E+02  2.149325E+01  6.855375E-01  2.238068E+00 -2.841455E-03  2.962200E-03
  3.217073E-01  9.062794E-01  6.443798E+02  2.159059E+01  6.741374E-01  2.201719E+00 -2.688575E-03  2.800610E-03
  3.337045E-01  9.103509E-01  6.684100E+02  2.168758E+01  6.623019E-01  2.164201E+00 -2.541278E-03  2.644397E-03
  3.461481E-01  9.144069E-01  6.933346E+02  2.178421E+01  6.500151E-01  2.125492E+00 -2.399384E-03  2.493361E-03
  3.590547E-01  9.184453E-01  7.191866E+02  2.188042E+01  6.372608E-01  2.085577E+00 -2.262726E-03  2.347315E-03
  3.724417E-01  9.224642E-01  7.460008E+02  2.197616E+01  6.240220E-01  2.044440E+00 -2.131144E-03  2.206081E-03
  3.863269E-01  9.264613E-01  7.738128E+02  2.207139E+01  6.102810E-01  2.002070E+00 -2.004494E-03  2.069491E-03
  4.007288E-01  9.304340E-01  8.026599E+02  2.216603E+01  5.960196E-01  1.958461E+00 -1.882642E-03  1.937387E-03
  4.156667E-01  9.343793E-01  8.325804E+02  2.226002E+01  5.812187E-01  1.913612E+00 -1.765466E-03  1.809623E-03
  4.311605E-01  9.382941E-01  8.636145E+02  2.235328E+01  5.658588E-01  1.867530E+00 -1.652857E-03  1.686063E-03
  4.472309E-01  9.421746E-01  8.958034E+02  2.244573E+01  5.499193E-01  1.820228E+00 -1.544719E-03  1.566583E-03
  4.638993E-01  9.460167E-01  9.291903E+02  2.253726E+01  5.333790E-01  1.771731E+00 -1.440970E-03  1.451070E-03
  4.811880E-01  9.498159E-01  9.638196E+02  2.262777E+01  5.162161E-01  1.722077E+00 -1.341539E-03  1.339426E-03
  4.991202E-01  9.535669E-01  9.997377E+02  2.271713E+01  4.984077E-01  1.671317E+00 -1.246372E-03  1.231564E-03
  5.177196E-01  9.572639E-01  1.036992E+03  2.280521E+01  4.799301E-01  1.619520E+00 -1.155429E-03  1.127415E-03
  5.370112E-01  9.609003E-01  1.075634E+03  2.289184E+01  4.607588E-01  1.566778E+00 -1.068685E-03  1.026927E-03
  5.570208E-01  9.644685E-01  1.115713E+03  2.297685E+01  4.408684E-01  1.513208E+00 -9.861332E-04  9.300655E-04
  5.777750E-01  9.679602E-01  1.157283E+03  2.306003E+01  4.202325E-01  1.458958E+00 -9.077804E-04  8.368193E-04
  5.993016E-01  9.713658E-01  1.200401E+03  2.314116E+01  3.988237E-01  1.404213E+00 -8.336521E-04  7.472021E-04
  6.216292E-01  9.746744E-01  1.245123E+03  2.321998E+01  3.766138E-01  1.349202E+00 -7.637906E-04  6.612569E-04
  6.447878E-01  9.778735E-01  1.291510E+03  2.329620E+01  3.535733E-01  1.294205E+00 -6.982564E-04  5.790617E-04
  6.688082E-01  9.809492E-01  1.339623E+03  2.336947E+01  3.296717E-01  1.239566E+00 -6.371272E-04  5.007349E-04
  6.937225E-01  9.838854E-01  1.389526E+03  2.343942E+01  3.048776E-01  1.185698E+00 -5.804993E-04  4.264443E-04
  7.195640E-01  9.866636E-01  1.441287E+03  2.350561E+01  2.791582E-01  1.133099E+00 -5.284868E-04  3.564156E-04
  7.463672E-01  9.892632E-01  1.494973E+03  2.356754E+01  2.524794E-01  1.082364E+00 -4.812231E-04  2.909442E-04
  7.741678E-01  9.916602E-01  1.550658E+03  2.362464E+01  2.248063E-01  1.034195E+00 -4.388620E-04  2.304083E-04
  8.030030E-01  9.938274E-01  1.608415E+03  2.367627E+01  1.961023E-01  9.894152E-01 -4.015817E-04  1.752829E-04
  8.329113E-01  9.957343E-01  1.668321E+03  2.372170E+01  1.663294E-01  9.489793E-01 -3.695909E-04  1.261547E-04
  8.639326E-01  9.973459E-01  1.730457E+03  2.376009E+01  1.354485E-01  9.139752E-01 -3.431409E-04  8.373550E-05
  8.961084E-01  9.986236E-01  1.794905E+03  2.379053E+01  1.034185E-01  8.856242E-01 -3.225450E-04  4.887037E-05
  9.294815E-01  9.995241E-01  1.861752E+03  2.381198E+01  7.019700E-02  8.652678E-01 -3.082079E-04  2.253914E-05
  9.640967E-01  1.000000E+00  1.931086E+03  2.382332E+01  3.573955E-02  8.543423E-01 -3.006703E-04  5.846316E-06
  1.000000E+00  1.000000E+00  2.003000E+03  2.382332E+01  0.000000E+00  8.543423E-01 -3.006703E-04  0.000000E+00
